1
2
3
4
5
6
7
8
9
10
11
12
13
14
15
16
18
20
21
22
24
25
26
27
28
30
32
33
35
36
39
40
42
44
45
48
49
50
52
54
55
56
60
63
64
65
66
70
72
75
77
78
80
81
84
88
90
91
96
98
99
100
104
105
108
110
112
117
120
121
125
126
128
130
132
135
140
143
144
147
150
154
156
160
162
165
168
169
175
176
180
182
189
192
195
196
198
200
208
210
216
220
224
225
231
234
240
242
243
245
250
252
256
260
264
270
273
275
280
286
288
294
297
300
308
312
315
320
324
325
330
336
338
343
350
351
352
360
363
364
375
378
384
385
390
392
396
400
405
416
420
429
432
440
441
448
450
455
462
468
480
484
486
490
495
500
504
507
512
520
525
528
539
540
546
550
560
567
572
576
585
588
594
600
605
616
624
625
630
637
640
648
650
660
672
675
676
686
693
700
702
704
715
720
726
728
729
735
750
756
768
770
780
784
792
800
810
819
825
832
840
845
847
858
864
875
880
882
891
896
900
910
924
936
945
960
968
972
975
980
990
1000
1001
1008
1014
1024
1029
1040
1050
1053
1056
1078
1080
1089
1092
1100
1120
1125
1134
1144
1152
1155
1170
1176
1183
1188
1200
1210
1215
1225
1232
1248
1250
1260
1274
1280
1287
1296
1300
1320
1323
1331
1344
1350
1352
1365
1372
1375
1386
1400
1404
1408
1430
1440
1452
1456
1458
1470
1485
1500
1512
1521
1536
1540
1560
1568
1573
1575
1584
1600
1617
1620
1625
1638
1650
1664
1680
1690
1694
1701
1715
1716
1728
1750
1755
1760
1764
1782
1792
1800
1815
1820
1848
1859
1872
1875
1890
1911
1920
1925
1936
1944
1950
1960
1980
2000
2002
2016
2025
2028
2048
2058
2079
2080
2100
2106
2112
2145
2156
2160
2178
2184
2187
2197
2200
2205
2240
2250
2268
2275
2288
2304
2310
2340
2352
2366
2376
2400
2401
2420
2430
2450
2457
2464
2475
2496
2500
2520
2535
2541
2548
2560
2574
2592
2600
2625
2640
2646
2662
2673
2688
2695
2700
2704
2730
2744
2750
2772
2800
2808
2816
2835
2860
2880
2904
2912
2916
2925
2940
2970
3000
3003
3024
3025
3042
3072
3080
3087
3120
3125
3136
3146
3150
3159
3168
3185
3200
3234
3240
3250
3267
3276
3300
3328
3360
3375
3380
3388
3402
3430
3432
3456
3465
3500
3510
3520
3528
3549
3564
3575
3584
3600
3630
3640
3645
3675
3696
3718
3744
3750
3773
3780
3822
3840
3850
3861
3872
3888
3900
3920
3960
3969
3993
4000
4004
4032
4050
4056
4095
4096
4116
4125
4158
4160
4200
4212
4224
4225
4235
4290
4312
4320
4356
4368
4374
4375
4394
4400
4410
4455
4459
4480
4500
4536
4550
4563
4576
4608
4620
4680
4704
4719
4725
4732
4752
4800
4802
4840
4851
4860
4875
4900
4914
4928
4950
4992
5000
5005
5040
5070
5082
5096
5103
5120
5145
5148
5184
5200
5250
5265
5280
5292
5324
5346
5376
5390
5400
5408
5445
5460
5488
5500
5544
5577
5600
5616
5625
5632
5670
5720
5733
5760
5775
5808
5824
5832
5850
5880
5915
5929
5940
6000
6006
6048
6050
6075
6084
6125
6144
6160
6174
6237
6240
6250
6272
6292
6300
6318
6336
6370
6400
6435
6468
6480
6500
6534
6552
6561
6591
6600
6615
6655
6656
6720
6750
6760
6776
6804
6825
6860
6864
6875
6912
6930
7000
7007
7020
7040
7056
7098
7128
7150
7168
7200
7203
7260
7280
7290
7350
7371
7392
7425
7436
7488
7500
7546
7560
7605
7623
7644
7680
7700
7722
7744
7776
7800
7840
7865
7875
7920
7938
7986
8000
8008
8019
8064
8085
8100
8112
8125
8190
8192
8232
8250
8281
8316
8320
8400
8424
8448
8450
8470
8505
8575
8580
8624
8640
8712
8736
8748
8750
8775
8788
8800
8820
8910
8918
8960
9000
9009
9072
9075
9100
9126
9152
9216
9240
9261
9295
9317
9360
9375
9408
9438
9450
9464
9477
9504
9555
9600
9604
9625
9680
9702
9720
9750
9800
9801
9828
9856
9900
9984
10000
10010
10080
10125
10140
10164
10192
10206
10240
10290
10296
10368
10395
10400
10500
10530
10560
10584
10647
10648
10692
10725
10752
10780
10800
10816
10890
10920
10935
10976
10985
11000
11011
11025
11088
11154
11200
11232
11250
11264
11319
11340
11375
11440
11466
11520
11550
11583
11616
11648
11664
11700
11760
11830
11858
11880
11907
11979
12000
12005
12012
12096
12100
12150
12168
12250
12285
12288
12320
12348
12375
12474
12480
12500
12544
12584
12600
12636
12672
12675
12705
12740
12800
12870
12936
12960
13000
13013
13068
13104
13122
13125
13182
13200
13230
13310
13312
13365
13377
13440
13475
13500
13520
13552
13608
13650
13689
13720
13728
13750
13824
13860
14000
14014
14040
14080
14112
14157
14175
14196
14256
14300
14336
14400
14406
14520
14553
14560
14580
14625
14641
14700
14742
14784
14850
14872
14976
15000
15015
15092
15120
15125
15210
15246
15288
15309
15360
15379
15400
15435
15444
15488
15552
15600
15625
15680
15730
15750
15795
15840
15876
15925
15972
16000
16016
16038
16128
16170
16200
16224
16250
16335
16380
16384
16464
16500
16562
16632
16640
16731
16800
16807
16848
16875
16896
16900
16940
17010
17150
17160
17199
17248
17280
17303
17325
17424
17472
17496
17500
17550
17576
17600
17640
17745
17787
17820
17836
17875
17920
18000
18018
18144
18150
18200
18225
18252
18304
18375
18432
18480
18522
18590
18634
18711
18720
18750
18816
18865
18876
18900
18928
18954
19008
19110
19200
19208
19250
19305
19360
19404
19440
19500
19600
19602
19656
19683
19712
19773
19800
19845
19965
19968
20000
20020
20160
20250
20280
20328
20384
20412
20449
20475
20480
20580
20592
20625
20736
20790
20800
21000
21021
21060
21120
21125
21168
21175
21294
21296
21384
21450
21504
21560
21600
21609
21632
21780
21840
21870
21875
21952
21970
22000
22022
22050
22113
22176
22275
22295
22308
22400
22464
22500
22528
22638
22680
22750
22815
22869
22880
22932
23040
23100
23166
23232
23296
23328
23400
23520
23595
23625
23660
23716
23760
23814
23958
24000
24010
24024
24057
24167
24192
24200
24255
24300
24336
24375
24500
24570
24576
24640
24696
24750
24843
24948
24960
25000
25025
25088
25168
25200
25272
25344
25350
25410
25480
25515
25600
25725
25740
25872
25920
26000
26026
26136
26208
26244
26250
26325
26364
26400
26411
26460
26620
26624
26730
26754
26880
26950
27000
27027
27040
27104
27216
27225
27300
27378
27440
27456
27500
27648
27720
27783
27885
27951
28000
28028
28080
28125
28160
28224
28314
28350
28392
28431
28512
28561
28600
28665
28672
28800
28812
28875
29040
29106
29120
29160
29250
29282
29400
29403
29484
29568
29575
29645
29700
29744
29952
30000
30030
30184
30240
30250
30375
30420
30492
30576
30618
30625
30720
30758
30800
30870
30888
30976
31104
31185
31200
31213
31250
31360
31460
31500
31590
31680
31752
31850
31941
31944
32000
32032
32076
32175
32256
32340
32400
32448
32500
32670
32760
32768
32805
32928
32955
33000
33033
33075
33124
33264
33275
33280
33462
33600
33614
33696
33750
33792
33800
33880
33957
34020
34125
34300
34320
34375
34398
34496
34560
34606
34650
34749
34848
34944
34992
35000
35035
35100
35152
35200
35280
35490
35574
35640
35672
35721
35750
35840
35937
36000
36015
36036
36288
36300
36400
36450
36504
36608
36750
36855
36864
36960
37044
37125
37180
37268
37422
37440
37500
37632
37730
37752
37800
37856
37908
38016
38025
38115
38220
38400
38416
38500
38610
38720
38808
38880
39000
39039
39200
39204
39312
39325
39366
39375
39424
39546
39600
39690
39930
39936
40000
40040
40095
40131
40320
40425
40500
40560
40625
40656
40768
40824
40898
40950
40960
41067
41160
41184
41250
41405
41472
41503
41580
41600
42000
42042
42120
42240
42250
42336
42350
42471
42525
42588
42592
42768
42875
42900
43008
43120
43200
43218
43264
43560
43659
43680
43740
43750
43875
43904
43923
43940
44000
44044
44100
44226
44352
44550
44590
44616
44800
44928
45000
45045
45056
45276
45360
45375
45500
45630
45738
45760
45864
45927
46080
46137
46200
46305
46332
46464
46475
46585
46592
46656
46800
46875
47040
47190
47250
47320
47385
47432
47520
47628
47775
47916
48000
48020
48048
48114
48125
48334
48384
48400
48510
48600
48672
48750
49000
49005
49049
49140
49152
49280
49392
49500
49686
49896
49920
50000
50050
50176
50193
50336
50400
50421
50544
50625
50688
50700
50820
50960
51030
51200
51450
51480
51597
51744
51840
51909
51975
52000
52052
52272
52416
52488
52500
52650
52728
52800
52822
52920
53235
53240
53248
53361
53460
53508
53625
53760
53900
54000
54054
54080
54208
54432
54450
54600
54675
54756
54880
54912
54925
55000
55055
55125
55296
55440
55566
55770
55902
56000
56056
56133
56160
56250
56320
56448
56595
56628
56700
56784
56862
56875
57024
57122
57200
57330
57344
57600
57624
57750
57915
57967
58080
58212
58240
58320
58500
58564
58800
58806
58968
59049
59136
59150
59290
59319
59400
59488
59535
59895
59904
60000
60025
60060
60368
60480
60500
60750
60840
60984
61152
61236
61250
61347
61425
61440
61516
61600
61740
61776
61875
61952
62208
62370
62400
62426
62500
62720
62920
63000
63063
63180
63360
63375
63504
63525
63700
63882
63888
64000
64064
64152
64350
64512
64680
64800
64827
64896
65000
65065
65219
65340
65520
65536
65610
65625
65856
65910
66000
66066
66150
66248
66339
66528
66550
66560
66825
66885
66924
67200
67228
67375
67392
67500
67584
67600
67760
67914
68040
68250
68445
68600
68607
68640
68750
68796
68992
69120
69212
69300
69498
69696
69888
69984
70000
70070
70200
70304
70400
70560
70785
70875
70980
71148
71280
71344
71442
71500
71680
71874
72000
72030
72072
72171
72501
72576
72600
72765
72800
72900
73008
73125
73205
73216
73500
73710
73728
73920
74088
74250
74360
74529
74536
74844
74880
75000
75075
75264
75460
75504
75600
75625
75712
75816
76032
76050
76230
76440
76545
76800
76832
76895
77000
77077
77175
77220
77440
77616
77760
78000
78078
78125
78400
78408
78624
78650
78732
78750
78848
78975
79092
79200
79233
79380
79625
79860
79872
80000
80080
80190
80262
80640
80850
81000
81081
81120
81250
81312
81536
81648
81675
81796
81900
81920
82134
82320
82368
82500
82810
82944
83006
83160
83200
83349
83655
83853
84000
84035
84084
84240
84375
84480
84500
84672
84700
84942
85050
85176
85184
85293
85536
85683
85750
85800
85995
86016
86240
86400
86436
86515
86528
86625
87120
87318
87360
87480
87500
87750
87808
87846
87880
88000
88088
88200
88209
88452
88704
88725
88935
89100
89180
89232
89375
89600
89856
90000
90090
90112
90552
90720
90750
91000
91091
91125
91260
91476
91520
91728
91854
91875
92160
92274
92400
92610
92664
92928
92950
93170
93184
93312
93555
93600
93639
93750
94080
94325
94380
94500
94640
94770
94864
95040
95256
95550
95823
95832
96000
96040
96096
96228
96250
96525
96668
96768
96800
97020
97200
97344
97500
98000
98010
98098
98280
98304
98415
98560
98784
98865
99000
99099
99225
99372
99792
99825
99840
100000
100100
100352
100386
100672
100800
100842
101088
101250
101376
101400
101640
101871
101920
102060
102245
102375
102400
102487
102900
102960
103125
103194
103488
103680
103818
103950
104000
104104
104247
104544
104832
104976
105000
105105
105300
105456
105600
105625
105644
105840
105875
106470
106480
106496
106722
106920
107016
107163
107250
107520
107653
107800
107811
108000
108045
108108
108160
108416
108864
108900
109200
109350
109375
109512
109760
109824
109850
110000
110110
110250
110565
110592
110880
111132
111375
111475
111540
111804
112000
112112
112266
112320
112500
112640
112896
113190
113256
113400
113568
113724
113750
114048
114075
114244
114345
114400
114660
114688
115200
115248
115500
115830
115934
116160
116424
116480
116640
117000
117117
117128
117600
117612
117649
117936
117975
118098
118125
118272
118300
118580
118638
118800
118976
119070
119790
119808
120000
120050
120120
120285
120393
120736
120835
120960
121000
121121
121275
121500
121680
121875
121968
122304
122472
122500
122694
122850
122880
123032
123200
123201
123480
123552
123750
123904
124215
124416
124509
124740
124800
124852
125000
125125
125440
125840
126000
126126
126360
126720
126750
127008
127050
127400
127413
127575
127764
127776
128000
128128
128304
128625
128700
129024
129360
129600
129654
129792
130000
130130
130438
130680
130977
131040
131072
131220
131250
131625
131712
131769
131820
132000
132055
132132
132300
132496
132678
133056
133100
133120
133650
133770
133848
134400
134456
134750
134784
135000
135135
135168
135200
135520
135828
136080
136125
136500
136890
137200
137214
137280
137500
137592
137781
137984
138240
138411
138424
138600
138915
138996
139392
139425
139755
139776
139968
140000
140140
140400
140608
140625
140800
141120
141570
141750
141960
142155
142296
142560
142688
142805
142884
143000
143143
143325
143360
143748
144000
144060
144144
144342
144375
145002
145152
145200
145530
145600
145800
146016
146250
146410
146432
147000
147015
147147
147420
147456
147840
147875
148176
148225
148500
148720
149058
149072
149688
149760
150000
150150
150528
150579
150920
151008
151200
151250
151263
151424
151632
151875
152064
152100
152460
152880
153090
153125
153600
153664
153790
154000
154154
154350
154440
154791
154880
155232
155520
155727
155925
156000
156065
156156
156250
156800
156816
157248
157300
157464
157500
157696
157950
158184
158400
158466
158760
159250
159705
159720
159744
160000
160083
160160
160380
160524
160875
161051
161280
161700
162000
162162
162240
162500
162624
163072
163296
163350
163592
163800
163840
164025
164268
164640
164736
164775
165000
165165
165375
165620
165888
166012
166320
166375
166400
166698
167310
167706
168000
168070
168168
168399
168480
168750
168960
169000
169169
169344
169400
169785
169884
170100
170352
170368
170586
170625
171072
171366
171500
171600
171875
171990
172032
172480
172800
172872
173030
173056
173250
173745
173901
174240
174636
174720
174960
175000
175175
175500
175616
175692
175760
176000
176176
176400
176418
176904
177147
177408
177450
177870
177957
178200
178360
178464
178605
178750
179200
179685
179712
180000
180075
180180
180224
181104
181440
181500
182000
182182
182250
182520
182952
183040
183456
183708
183750
184041
184275
184320
184548
184800
184877
185220
185328
185625
185856
185900
186340
186368
186624
187110
187200
187278
187500
188160
188650
188760
189000
189189
189280
189540
189728
190080
190125
190333
190512
190575
191100
191646
191664
192000
192080
192192
192456
192500
193050
193336
193536
193600
194040
194400
194481
194688
195000
195195
195657
196000
196020
196196
196560
196608
196625
196830
196875
197120
197568
197730
198000
198198
198450
198744
199017
199584
199650
199680
199927
200000
200200
200475
200655
200704
200772
201344
201600
201684
202125
202176
202500
202752
202800
203125
203280
203742
203840
204120
204490
204750
204800
204974
205335
205800
205821
205920
206250
206388
206976
207025
207360
207515
207636
207900
208000
208208
208494
209088
209664
209952
210000
210210
210600
210912
211200
211250
211288
211680
211750
212355
212625
212940
212960
212992
213444
213840
214032
214326
214375
214500
215040
215306
215600
215622
216000
